0.1
0011111110111001100110011001100110011001100110011001100110011010

0.01
0011111110000100011110101110000101000111101011100001010001111011

0.001
0011111101010000011000100100110111010010111100011010100111111100

0.0001
0011111100011010001101101110001011101011000111000100001100101101

1e-05
0011111011100100111110001011010110001000111000110110100011110001

1e-06
0011111010110000110001101111011110100000101101011110110110001101

1e-07
0011111001111010110101111111001010011010101111001010111101001000

1e-08
0011111001000101011110011000111011100010001100001000110000111010

1e-09
0011111000010001001011100000101111101000001001101101011010010101

1e-10
0011110111011011011111001101111111011001110101111011110110111011

1e-11
0011110110100101111111010111111111100001011110010110010010010101

1e-12
0011110101110001100101111001100110000001001011011110101000010001

1e-13
0011110100111100001001011100001001101000010010010111011010000010

1e-14
0011110100000110100001001001101110000110101000010010101110011011

1e-15
0011110011010010000000111010111110011110111001110101011000010110

1e-16
0011110010011100110100101011001010010111110110001000100110111100

1e-17
0011110001100111000011101111010101000110010001101101010010010111

1e-18
0011110000110010011100100101110111010001110100100100001110101100

1e-19
0011101111111101100000111100100101001111101101101101001010101100

1e-20
0011101111000111100111001010000100001100100100100100001000100011

1e-21
0011101110010010111000111011010000001010000011101001101101001111

1e-22
0011101101011110001110010010000000010000000101110101111011100110

1e-23
0011101100101000001011011011001101000000000100101011001001010001

1e-24
0011101011110011010101111100001010011001101010001000111010100111

1e-25
0011101010111110111100101101000011110101110110100111110111011001

1e-26
0011101010001000110000100100000011000100101011101100101100010100

1e-27
0011101001010011110011101001101000110110111100100011110000010000

1e-28
0011101000011111101100001111011010111110010100000110000000011001

1e-29
0011100111101001010110100101111011111110101001101011001101000111

1e-30
0011100110110100010010000100101111111110111010111100001010100000

1e-31
0011100110000000001110011101011001100101100010010110100010000000

1e-32
0011100101001001111101100010001111010101101010001010011100110011

1e-33
0011100100010100110001001110100101110111101110100001111101011100

1e-34
0011100011100000100111011000011110010010111110110100110001001001

1e-35
0011100010101010100101011010010110110111111110000111101000001111

1e-36
0011100001110101010001001000010010010011001011010010111001110010

1e-37
0011100001000001000000111001110101000010100010101000101110001111

1e-38
0011100000001011001110001111101110011101101010100111100011100100

1e-39
0011011111010101110001110010111110110001010101010010110110000011

1e-40
0011011110100001011011000010011000100111011101110101011110011100

1e-41
0011011101101011111000000011110100001011111100100010010111000111

1e-42
0011011100110110010011001111110110100011001010000001111000111001

1e-43
0011011100000001110101110011000101001111010100110100101101100001

1e-44
0011011011001100100010111000001000011000100001010100010101100111

1e-45
0011011010010110110101100000000110101101001101110110101010111001

1e-46
0011011001100010010001001100111000100100001011000101010101100001

1e-47
0011011000101101001110101110001101101101000100111011101111001110

1e-48
0011010111110111011000100100111110001010011101100010111111011000

1e-49
0011010111000010101101010000110001101110110001001111001100010011

1e-50
0011010110001101111011100111101001001010110101001011100000011111

1e-51
0011010101010111111100011111101101101111000100001001001101001100

1e-52
0011010100100011001001111111110001011000110110100000111101110000

1e-53
0011010011101110101001100110000010001110001010011011001001001101

1e-54
0011010010111000100001010001101000001011010101001000111010100100

1e-55
0011010010000011100111011010111001101111011101101101100010000011

1e-56
0011010001001111011000101011000010110010010101111100000011010010

1e-57
0011010000011001000110111100000010001110101011001001101001000001

1e-58
0011001111100100000101100011001110100101010101101110000111001110

1e-59
0011001110110000000100011100001011101010101010111110011111011000

1e-60
0011001101111001101101100000010010101010101011001010011000100110

1e-61
0011001101000100100100011001110101010101010101101110101101010010

1e-62
0011001100010000011101000111110111011101110111110010001010101000

1e-63
0011001011011010010100111111110010010110001100011101000100001101

1e-64
0011001010100101000011111111110101000100111101001010011100111101

1e-65
0011001001110000110110011001011101101010010111010101001010010111

1e-66
0011001000111010111101011011111100010000100101010101000011110010

1e-67
0011001000000101100100010110010110100110110111011101101001011011

1e-68
0011000111010001010000010001111000011111000101111110000111100011

1e-69
0011000110011011100110110110001101100100111100110000001100000100

1e-70
0011000101100110000101011110100100011101100011110011010110011101

1e-71
0011000100110001101010110010000011100100011100101001000101001010

1e-72
0011000011111100010001010000000101101101100001000001101110101010

1e-73
0011000011000110100111011001101010111110000000110100100101010101

1e-74
0011000010010010000101111010111011111110011010010000011101110111

1e-75
0011000001011100111100101011000110010111000011100111001001011000

1e-76
0011000000100111001010001000111000010010011100011111010100010011

1e-77
0010111111110010100001101101100000001110110000011001000011011100

1e-78
0010111110111101101001001000110011100100011010001110011111000111

1e-79
0010111110000111101101101101011100011101001000001011100101101100

1e-80
0010111101010010111110001010110000010111010011010110000100100011

1e-81
0010111100011110010110101010110011110010000101010110100000111000

1e-82
0010111011101000010010001000101001011011010001000101001101100000

1e-83
0010111010110011011011010011101101111100001101101010100100011010

1e-84
0010111001111111000101010010101111111001111100010000111010010000

1e-85
0010111001001000110111011011110011000111111101000000101110100110

1e-86
0010111000010011111001001001011100000110010111001101011000011111

1e-87
0010110111011111110101000010010011010110111110101111000000110001

1e-88
0010110110101001011101101000001111011111001011110010011010001101

1e-89
0010110101110100010111101100111111100101101111110101001000001011

1e-90
0010110101000000010010111101100110000100100110010000111001101111

1e-91
0010110100001010000100101111010110100000111101001110001111100101

1e-92
0010110011010100110110111111011110110011111101110001110010110111

1e-93
0010110010100000101011111111100101011100110001011011000010010010

1e-94
0010110001101010101100110010100010010100011011111000000011101010

1e-95
0010110000110101010111000010000001110110101111111001101001010101

1e-96
0010110000000001000101101000000001011110111111111010111010101010

1e-97
0010101111001011010101110011001111001011001100101011000100010001

1e-98
0010101110010101110111110101110010100010100011101111010000001101

1e-99
0010101101100001011111110111110101001110110110001100001100111110

1e-100
0010101100101011111111110010111011100100100011100000010100110000

1e-101
0010101011110110011001011011111100011101001111100110101010001101

1e-102
0010101011000001111010101111111101001010100110000101010100111101

1e-103
0010101010001100101010110011001000010000111100111011101110010101

1e-104
0010101001010110111011110101101101000000110000101111110001110111

1e-105
0010101000100010010110010001010111001101011010001100100111111001

1e-106
0010100111101101010110110101011000010101011101000111011001011011

1e-107
0010100110110111011111000100010011011101111101101100010100010110

1e-108
0010100110000010110010011101000010110001100100100011011101000101

1e-109
0010100101001110000011111011010001001111010100000101100001101110

1e-110
0010100100011000000011001001000000111111011100110111100111110010

1e-111
0010100011100011001111010100000000110010110000101100011111110101

1e-112
0010100010101110110010000110011010110111100111100000110010111010

1e-113
0010100001111000101000000101001000101100011111100111000010010101

1e-114
0010100001000011101100110111010011110000011001010010011011011110

1e-115
0010100000001111100001011000011111100111000010000011111000110000

1e-116
0010011111011001001101111001111111101100000001101001100000100110

1e-117
0010011110100100001011000111111111110000000001010100011010000101

1e-118
0010011101110000001000111001100110001100110100010000010100110111

1e-119
0010011100111001110100101000111101000111101101001101010100100101

1e-120
0010011100000100101010000111001010011111110000111101110110110111

1e-121
0010011011010000100001101100001000011001011010010111111000101100

1e-122
0010011010011010011100010011011010001111000011110011000001000111

1e-123
0010011001100101001001110101111011011000110110001111001101101100

1e-124
0010011000110000111011000100101111100000101011011000111110001001

1e-125
0010010111111011000100111010110010011010101011110100110000001111

1e-126
0010010111000101101010010101011011100010001001011101011001110010

1e-127
0010010110010001010101000100010110000001101101111101111011000010

1e-128
0010010101011011101110100000100011001111100011001001011110011101

1e-129
0010010100100110001011100110110101110010110101101101111110110000

1e-130
0010010011110001101111101011110111110101011110001011001011110100

1e-131
0010010010111100011001000110001100100010010110101011011111101100

1e-132
0010010010000110101101101011010110110101000101010101111111110000

1e-133
0010010001010010001010111100010010010000110111011110011001011010

1e-134
0010010000011101000100101101010000011010111111001010001111000011

1e-135
0010001111100111010000100100001101001000110010100001110010011100

1e-136
0010001110110010100110110110100100000111000010000001011011100011

1e-137
0010001101111101110001010111010011011000000011001111000101101011

1e-138
0010001101000111110100010010101001000110011100001100000100100011

1e-139
0010001100010011000011011011101101101011100011010110011101001111

1e-140
0010001011011110011111000101111100010010011110111101100001111110

1e-141
0010001010101000011000110111111101000001111111001010110100110010

1e-142
0010001001110011100000101100110000110100110010100010010000101000

1e-143
0010001000111111001101111010110100100001010000110110110100001100

1e-144
0010001000001000111110010101011101001101110011111000101001110000

1e-145
0010000111010011111110101010110000111110001111111010000111110011

1e-146
0010000110011111111101110111100111111101001100101001110010111001

1e-147
0010000101101001100100101100011111111101110000100001011011111010

1e-148
0010000100110100011101010110110011001011000000011010101111111011

1e-149
0010000100000000010111011111000010100010011001111011110011001001

1e-150
0010000011001010001011111110011101101010001111111001010001110101

1e-151
0010000010010100111100110001111110001000001100101101110100101010

1e-152
0010000001100000110000100111111110100000001010001011000011101111

1e-153
0010000000101010110100001100110000110011011101000100111001001011

1e-154
0001111111110101011100111101011010001111100100000011111010100010

1e-155
0001111111000001001010010111100001110010110110011100101110110101

1e-156
0001111110001011011101011000110110000100100011111010110001010101

1e-157
0001111101010101111101111010010001101010000011001000100111011101

1e-158
0001111100100001100100101110100111101110011100000110111001001011

1e-159
0001111011101100000111100100001100010111000110100100101000010001

1e-160
0001111010110110011111101001110000010010011110110110111001110100

1e-161
0001111010000001111111101110001101000001111111000101100001011101

1e-162
0001111001001100110010110000010100110110011000001000110101100001

1e-163
0001111000010111000010001101000011111000010011010011110111100111

1e-164
0001110111100010011011010111001111111001110101110110010010111001

1e-165
0001110110101101011110111110110011000010111100100011101011000010

1e-166
0001110101110111100101100101011100000010010110110110001000110101

1e-167
0001110101000010110111101010110000000001111000101011010011110111

1e-168
0001110100001110001100010001001100110110001101111000011111110010

1e-169
0001110011011000001001110100001010010001110001100000011001011011

1e-170
0001110010100011010100101001101110100111110100011001111010101111

1e-171
0001110001101110111010101001001010100110000111000011000100011000

1e-172
0001110000111000101110111010100010000100111000110101101001111010

1e-173
0001110000000011110010010101001110011101100000101010111011001000

1e-174
0001101111001111101010001000010111001000110100010001011110100110

1e-175
0001101110011001010100111001111000111010010000001101111110111000

1e-176
0001101101100100010000101110010011111011011001110001100101100000

1e-177
0001101100110000001101011000001111111100010100100111101010110011

1e-178
0001101011111001111011110011100110010011101101110010101010111000

1e-179
0001101011000100101111110110000101000010111110001110111011111010

1e-180
0001101010010000100110010001101010011011111110100101100011001000

1e-181
0001101001011010100011101001000011111001100100001000111000001101

1e-182
0001101000100101001111101101101001100001010000000111000110100100

1e-183
0001100111110000111111110001010100011010100110011111010010000011

1e-184
0001100110111011001100011011101101011101110000110010000011010010

1e-185
0001100110000101110000010110001010110001011010001110011100001110

1e-186
0001100101010001011001111000001000100111100001110001111100111110

1e-187
0001100100011011110110001101000000111111001111101001100001100100

1e-188
0001100011100110010001110000110011111111011001010100011010110110

1e-189
0001100010110001110100100111000011001100010100010000010101011111

1e-190
0001100001111100100000111110011110101101010011100110111011111110

1e-191
0001100001000110110011111110110010001010101001010010010110011000

1e-192
0001100000010010001111111111000001101110111010101000010001111010

1e-193
0001011111011101001100110001101001001011000100001101001111110110

1e-194
0001011110100111010111000001010100001000110110100100001100101011

1e-195
0001011101110010101100000001000011010011111000011100111101010110

1e-196
0001011100111101111001101000000101010011000000101110010101010110

1e-197
0001011100000111111010111001101010101000110011110001110111011110

1e-198
0001011011010011001000101110001000100000101001011011000101111110

1e-199
0001011010011110100111100011011010011010101000101011010110010111

1e-200
0001011001101000011111101001001000010101010011101111011110101100

1e-201
0001011000110011100110000111010011011101110110001100011000100011

1e-202
0001010111111111010110100101010010010110001001111010001101101100

1e-203
0001010111001001000101010001000001111000000111111011010111110000

1e-204
0001010110010100000100001101100111111001101100101111011111110011

1e-205
0001010101100000000011010111101100101110001010001100011001011100

1e-206
0001010100101001101011110010101101111101000011100000101000101101

1e-207
0001010011110100100011000010001011001010011100011010000110111101

1e-208
0001010011000000011100000001101111010101001001111011010010011000

1e-209
0001010010001010010011001111100101010101000011000101010000100110

1e-210
0001010001010101000010100110000100010000110101101010100110111000

1e-211
0001010000100000110101010001101001110011110111101110111000101101

1e-212
0001001111101010111011101001000010111001011001001011000001000111

1e-213
0001001110110101100010111010011011111010101101101111001101101100

1e-214
0001001110000001001111001000010110010101010111110010100100100011

1e-215
0001001101001011100101000000100011101110111111101010100000111001

1e-216
0001001100010110000100000000011100100101100110001000011010010100

1e-217
0001001011100001101001100110110000011110000100111001111011011101

1e-218
0001001010101100001111010111100111001001101110001111111000101110

1e-219
0001001001110110100101111001010010100001011000001100101101011000

1e-220
0001001001000010000100101101110101001101111001110000100100010011

1e-221
0001001000001100111010101111101110101111110110000000111010000101

1e-222
0001000111010111001000100110001011110011000100110011111011010001

1e-223
0001000110100010100000011110100011000010011101011100101111011010

1e-224
0001000101101101100111001010011110011101100010010100011000101010

1e-225
0001000100110111101100001000011000010111101000010000010011101110

1e-226
0001000100000010111100111001111001111001010011011001110110001011

1e-227
0001000011001110010100101001011100101000011111000010111101000101

1e-228
0001000010011000010000100001001010000110110010011011111101101011

1e-229
0001000001100011011010000000111011010010001110101111111110001001

1e-230
0001000000101111000011001110010010000011100100011001100011011011

1e-231
0000111111111000110101110001110100110110000011100001001111100010

1e-232
0000111111000011110111110100101010010001101001001101110010110101

1e-233
0000111110001111110010111010101010000010101000010110000100100001

1e-234
0000111101011001011011111011101110011011101101000100110110110100

1e-235
0000111100100100010110010110001011100010111101101010010010010000

1e-236
0000111011110000010001111000001001001111001010111011011011011010

1e-237
0000111010111010000011000000001110110001110111111000101011110110

1e-238
0000111010000100110101100110100101011011000110010011101111111000

1e-239
0000111001010000101010111000011101111100000101000010111111111010

1e-240
0000111000011010101011000000101111111001101110011110011001011100

1e-241
0000110111100101010101100110111111111010111110110001111010110000

1e-242
0000110110110001000100011111001100101111001011110100101111000000

1e-243
0000110101111011010011111110101101111110101100100001001011001101

1e-244
0000110101000101110110011000100100110010001010000000111100001010

1e-245
0000110100010001011110101101010000101000001000000000110000001000

1e-246
0000110011011011111101111011100111011001110011001110000000001101

1e-247
0000110010100110010111111100011111100001011100001011001100111110

1e-248
0000110001110001111001100011100110000001001001101111010111001011

1e-249
0000110000111100101000111000111100110101000010110010001011011111

1e-250
0000110000000110111010010011111101011101101000101000001001001100

1e-251
0000101111010010010101000011001010110001010011101100111010100011

1e-252
0000101110011101010100111000010001001110111001000111110111010001

1e-253
0000101101100111011101100000001101110010010100000110010010101000

1e-254
0000101100110010110001001100111110001110101001101011011011101100

1e-255
0000101011111110000001111011001001111101110101111000101100010100

1e-256
0000101011001000000001100010100001100100101011000110111101000011

1e-257
0000101010010011001110000010000001010000100010011111001010011100

1e-258
0000101001011110110000000011001110110100000011111110101010010011

1e-259
0000101000101000100110011100001011110110011100110010001000010000

1e-260
0000100111110011101011100011010110010001111101011011010011011001

1e-261
0000100110111111011111010010001010000011001000101011101011110101

1e-262
0000100110001001001100001110100001101000111010001001010110010001

1e-263
0000100101010100001001110010000001010011111011010100010001110100

1e-264
0000100100100000000111110100110100001111111100010000001110010000

1e-265
0000100011101001110010111010111001111111111010000000010110110011

1e-266
0000100010110100101000101111000111111111111011001101000101011100

1e-267
0000100010000000100000100101101100110011001000111101101010110000

1e-268
0000100001001010011010100010101110000101000001100010101010110011

1e-269
0000100000010101001000011011110001101010011010110101010101011100

1e-270
0000011111100000111001111100100111101110101111000100010001001010

1e-271
0000011110101011000011000111011001001010110001101101001110101001

1e-272
0000011101110101101000111001000111010101011010111101110010000111

1e-273
0000011101000001010011111010011111011101111011111110001110100000

1e-274
0000011100001011101100101010011000101111111001100011100011111111

1e-275
0000011011010110001010001000010011110011000111101001001111111111

1e-276
0000011010100001101110100000001111110101101100100001000000000000

1e-277
0000011001101100010111001101001100100010101101100111111111111111

1e-278
0000011000110110101100001010100011101000100100011111111111111111

1e-279
0000011000000010001001101110110110000110110110110011001100110011

1e-280
0000010111001101000010110001010110100100100100011110101110000100

1e-281
0000010110010111001111000001000101010000011101001011110001101010

1e-282
0000010101100010100101100111010001000000010111010110001110001000

1e-283
0000010100101101101111011000011011001101011000100011100011011001

1e-284
0000010011110111110010101101001000111101111010000010110101111011

1e-285
0000010011000011000010001010100000110001100001101000101011001001

1e-286
0000010010001110011101000100000001001111001111011010101011011011

1e-287
0000010001011000010111010000000000111111011001001000100010101111

1e-288
0000010000100011011111011001100111001100010100000110110101011001

1e-289
0000001111101111001011110101110001111010000110100100100010001110

1e-290
0000001110111000111100101011000001100001101011101010000001110010

1e-291
0000001110000011111101010101100111100111101111101110011011000001

1e-292
0000001101001111111011101111011000111111100101111101011110011100

1e-293
0000001100011001100010111111100000110010110111111101111110110000

1e-294
0000001011100100011011111111100111000010010011001011001011110011

1e-295
0000001010110000010110011001010010011011011100001000111100101001

1e-296
0000001001111010001010001110110111000101100000001110010100001110

1e-297
0000001001000100111011011000101100000100011001110001110110100101

1e-298
0000001000010000101111100000100011010000010100100111111000011101

1e-299
0000000111011010110010011010011110110011101101110011000000101111

1e-300
0000000110100101011011100001111111000010111110001111001101011001

1e-301
0000000101110001001001001110011000110101100100111111010111100001

1e-302
0000000100111011011011100011110100100010100001100101011000110100

1e-303
0000000100000101111100011100101010000010000001010001000111000011

1e-304
0000000011010001100011100011101110011011001101110100000101101001

1e-305
0000000010011100000101101100010111000101001001010011010101110101

1e-306
0000000001100110011110001001111000110111010100001111011110010001

1e-307
0000000000110001111110100001100000101100010000001100011000001101

1e-308
0000000000000111001100001101011001111000000110011110100011010010

1e-309
0000000000000000101110000001010101110010011010001111110110101111

9.99999999999997e-311
0000000000000000000100100110100010001011011100001110011000101011

9.99999999999948e-312
0000000000000000000000011101011101000001001001001110001111010001

9.99999999998465e-313
0000000000000000000000000010111100100000000111010100100111111011

1.00000000001329e-313
0000000000000000000000000000010010110110011010010101010000110011

9.99999999963881e-315
0000000000000000000000000000000001111000101001000010001000000101

9.99999998481684e-316
0000000000000000000000000000000000001100000100000110100111001101

9.99999983659714e-317
0000000000000000000000000000000000000001001101001101011101100001

1.00000023069254e-317
0000000000000000000000000000000000000000000111101110001001010111

9.999987484956e-319
0000000000000000000000000000000000000000000000110001011010100010

9.99988867182683e-320
0000000000000000000000000000000000000000000000000100111100010000

9.99988867182683e-321
0000000000000000000000000000000000000000000000000000011111101000

9.98012604599318e-322
0000000000000000000000000000000000000000000000000000000011001010

9.88131291682493e-323
0000000000000000000000000000000000000000000000000000000000010100

9.88131291682493e-324
0000000000000000000000000000000000000000000000000000000000000010

