0.1
0011111110111001100110011001100110011001100110011001100110011010

0.1
0011111110111001100110011001100110011001100110011001100110011010

0.01
0011111110000100011110101110000101000111101011100001010001111011

0.01
0011111110000100011110101110000101000111101011100001010001111011

0.001
0011111101010000011000100100110111010010111100011010100111111100

0.001
0011111101010000011000100100110111010010111100011010100111111100

0.0001
0011111100011010001101101110001011101011000111000100001100101101

0.0001
0011111100011010001101101110001011101011000111000100001100101101

1e-05
0011111011100100111110001011010110001000111000110110100011110001

1e-05
0011111011100100111110001011010110001000111000110110100011110001

1e-06
0011111010110000110001101111011110100000101101011110110110001101

1e-06
0011111010110000110001101111011110100000101101011110110110001101

1e-07
0011111001111010110101111111001010011010101111001010111101001000

1e-07
0011111001111010110101111111001010011010101111001010111101001000

1e-08
0011111001000101011110011000111011100010001100001000110000111010

1e-08
0011111001000101011110011000111011100010001100001000110000111010

1e-09
0011111000010001001011100000101111101000001001101101011010010101

1e-09
0011111000010001001011100000101111101000001001101101011010010101

1e-10
0011110111011011011111001101111111011001110101111011110110111011

1e-10
0011110111011011011111001101111111011001110101111011110110111011

1e-11
0011110110100101111111010111111111100001011110010110010010010101

1e-11
0011110110100101111111010111111111100001011110010110010010010101

1e-12
0011110101110001100101111001100110000001001011011110101000010001

1e-12
0011110101110001100101111001100110000001001011011110101000010001

1e-13
0011110100111100001001011100001001101000010010010111011010000010

1e-13
0011110100111100001001011100001001101000010010010111011010000010

1e-14
0011110100000110100001001001101110000110101000010010101110011011

1e-14
0011110100000110100001001001101110000110101000010010101110011011

1e-15
0011110011010010000000111010111110011110111001110101011000010110

1e-15
0011110011010010000000111010111110011110111001110101011000010110

1e-16
0011110010011100110100101011001010010111110110001000100110111100

0.2
0011111111001001100110011001100110011001100110011001100110011010

0.2
0011111111001001100110011001100110011001100110011001100110011010

0.02
0011111110010100011110101110000101000111101011100001010001111011

0.02
0011111110010100011110101110000101000111101011100001010001111011

0.002
0011111101100000011000100100110111010010111100011010100111111100

0.002
0011111101100000011000100100110111010010111100011010100111111100

0.0002
0011111100101010001101101110001011101011000111000100001100101101

0.0002
0011111100101010001101101110001011101011000111000100001100101101

2e-05
0011111011110100111110001011010110001000111000110110100011110001

2e-05
0011111011110100111110001011010110001000111000110110100011110001

2e-06
0011111011000000110001101111011110100000101101011110110110001101

2e-06
0011111011000000110001101111011110100000101101011110110110001101

2e-07
0011111010001010110101111111001010011010101111001010111101001000

2e-07
0011111010001010110101111111001010011010101111001010111101001000

2e-08
0011111001010101011110011000111011100010001100001000110000111010

2e-08
0011111001010101011110011000111011100010001100001000110000111010

2e-09
0011111000100001001011100000101111101000001001101101011010010101

2e-09
0011111000100001001011100000101111101000001001101101011010010101

2e-10
0011110111101011011111001101111111011001110101111011110110111011

2e-10
0011110111101011011111001101111111011001110101111011110110111011

2e-11
0011110110110101111111010111111111100001011110010110010010010101

2e-11
0011110110110101111111010111111111100001011110010110010010010101

2e-12
0011110110000001100101111001100110000001001011011110101000010001

2e-12
0011110110000001100101111001100110000001001011011110101000010001

2e-13
0011110101001100001001011100001001101000010010010111011010000010

2e-13
0011110101001100001001011100001001101000010010010111011010000010

2e-14
0011110100010110100001001001101110000110101000010010101110011011

2e-14
0011110100010110100001001001101110000110101000010010101110011011

2e-15
0011110011100010000000111010111110011110111001110101011000010110

2e-15
0011110011100010000000111010111110011110111001110101011000010110

2e-16
0011110010101100110100101011001010010111110110001000100110111100

2e-16
0011110010101100110100101011001010010111110110001000100110111100

0.3
0011111111010011001100110011001100110011001100110011001100110011

0.3
0011111111010011001100110011001100110011001100110011001100110011

0.03
0011111110011110101110000101000111101011100001010001111010111000

0.03
0011111110011110101110000101000111101011100001010001111010111000

0.003
0011111101101000100100110111010010111100011010100111111011111010

0.003
0011111101101000100100110111010010111100011010100111111011111010

0.0003
0011111100110011101010010010101000110000010101010011001001100001

0.0003
0011111100110011101010010010101000110000010101010011001001100001

3e-05
0011111011111111011101010001000001001101010101010001110101101001

3e-05
0011111011111111011101010001000001001101010101010001110101101001

3e-06
0011111011001001001010100111001101110001000100001110010001010100

3e-06
0011111011001001001010100111001101110001000100001110010001010100

3e-07
0011111010010100001000011111010111110100000011011000001101110110

3e-07
0011111010010100001000011111010111110100000011011000001101110110

3e-08
0011111001100000000110110010101100101001101001000110100100101011

3e-08
0011111001100000000110110010101100101001101001000110100100101011

3e-09
0011111000101001110001010001000111011100001110100100000111011111

3e-09
0011111000101001110001010001000111011100001110100100000111011111

3e-10
0011110111110100100111011010011111100011011000011100111001001100

3e-10
0011110111110100100111011010011111100011011000011100111001001100

3e-11
0011110111000000011111100001111111101001000110110000101101110000

3e-11
0011110111000000011111100001111111101001000110110000101101110000

3e-12
0011110110001010011000110110011001000001110001001101111100011010

3e-12
0011110110001010011000110110011001000001110001001101111100011010

3e-13
0011110101010101000111000101000111001110001101110001100011100001

3e-13
0011110101010101000111000101000111001110001101110001100011100001

3e-14
0011110100100000111000110111010010100100111110001110000010110100

3e-14
0011110100100000111000110111010010100100111110001110000010110100

3e-15
0011110011101011000001011000011101101110010110110000000100100000

3e-15
0011110011101011000001011000011101101110010110110000000100100000

3e-16
0011110010110101100111100000010111110001111000100110011101001101

3e-16
0011110010110101100111100000010111110001111000100110011101001101

0.4
0011111111011001100110011001100110011001100110011001100110011010

0.4
0011111111011001100110011001100110011001100110011001100110011010

0.04
0011111110100100011110101110000101000111101011100001010001111011

0.04
0011111110100100011110101110000101000111101011100001010001111011

0.004
0011111101110000011000100100110111010010111100011010100111111100

0.004
0011111101110000011000100100110111010010111100011010100111111100

0.0004
0011111100111010001101101110001011101011000111000100001100101101

0.0004
0011111100111010001101101110001011101011000111000100001100101101

4e-05
0011111100000100111110001011010110001000111000110110100011110001

4e-05
0011111100000100111110001011010110001000111000110110100011110001

4e-06
0011111011010000110001101111011110100000101101011110110110001101

4e-06
0011111011010000110001101111011110100000101101011110110110001101

4e-07
0011111010011010110101111111001010011010101111001010111101001000

4e-07
0011111010011010110101111111001010011010101111001010111101001000

4e-08
0011111001100101011110011000111011100010001100001000110000111010

4e-08
0011111001100101011110011000111011100010001100001000110000111010

4e-09
0011111000110001001011100000101111101000001001101101011010010101

4e-09
0011111000110001001011100000101111101000001001101101011010010101

4e-10
0011110111111011011111001101111111011001110101111011110110111011

4e-10
0011110111111011011111001101111111011001110101111011110110111011

4e-11
0011110111000101111111010111111111100001011110010110010010010101

4e-11
0011110111000101111111010111111111100001011110010110010010010101

4e-12
0011110110010001100101111001100110000001001011011110101000010001

4e-12
0011110110010001100101111001100110000001001011011110101000010001

4e-13
0011110101011100001001011100001001101000010010010111011010000010

4e-13
0011110101011100001001011100001001101000010010010111011010000010

4e-14
0011110100100110100001001001101110000110101000010010101110011011

4e-14
0011110100100110100001001001101110000110101000010010101110011011

4e-15
0011110011110010000000111010111110011110111001110101011000010110

4e-15
0011110011110010000000111010111110011110111001110101011000010110

4e-16
0011110010111100110100101011001010010111110110001000100110111100

4e-16
0011110010111100110100101011001010010111110110001000100110111100

0.5
0011111111100000000000000000000000000000000000000000000000000000

0.5
0011111111100000000000000000000000000000000000000000000000000000

0.05
0011111110101001100110011001100110011001100110011001100110011010

0.05
0011111110101001100110011001100110011001100110011001100110011010

0.005
0011111101110100011110101110000101000111101011100001010001111011

0.005
0011111101110100011110101110000101000111101011100001010001111011

0.0005
0011111101000000011000100100110111010010111100011010100111111100

0.0005
0011111101000000011000100100110111010010111100011010100111111100

5e-05
0011111100001010001101101110001011101011000111000100001100101101

5e-05
0011111100001010001101101110001011101011000111000100001100101101

5e-06
0011111011010100111110001011010110001000111000110110100011110001

5e-06
0011111011010100111110001011010110001000111000110110100011110001

5e-07
0011111010100000110001101111011110100000101101011110110110001101

5e-07
0011111010100000110001101111011110100000101101011110110110001101

5e-08
0011111001101010110101111111001010011010101111001010111101001000

5e-08
0011111001101010110101111111001010011010101111001010111101001000

5e-09
0011111000110101011110011000111011100010001100001000110000111010

5e-09
0011111000110101011110011000111011100010001100001000110000111010

5e-10
0011111000000001001011100000101111101000001001101101011010010101

5e-10
0011111000000001001011100000101111101000001001101101011010010101

5e-11
0011110111001011011111001101111111011001110101111011110110111011

5e-11
0011110111001011011111001101111111011001110101111011110110111011

5e-12
0011110110010101111111010111111111100001011110010110010010010101

5e-12
0011110110010101111111010111111111100001011110010110010010010101

5e-13
0011110101100001100101111001100110000001001011011110101000010001

5e-13
0011110101100001100101111001100110000001001011011110101000010001

5e-14
0011110100101100001001011100001001101000010010010111011010000010

5e-14
0011110100101100001001011100001001101000010010010111011010000010

5e-15
0011110011110110100001001001101110000110101000010010101110011011

5e-15
0011110011110110100001001001101110000110101000010010101110011011

5e-16
0011110011000010000000111010111110011110111001110101011000010110

5e-16
0011110011000010000000111010111110011110111001110101011000010110

0.6
0011111111100011001100110011001100110011001100110011001100110011

0.6
0011111111100011001100110011001100110011001100110011001100110011

0.06
0011111110101110101110000101000111101011100001010001111010111000

0.06
0011111110101110101110000101000111101011100001010001111010111000

0.006
0011111101111000100100110111010010111100011010100111111011111010

0.006
0011111101111000100100110111010010111100011010100111111011111010

0.0006
0011111101000011101010010010101000110000010101010011001001100001

0.0006
0011111101000011101010010010101000110000010101010011001001100001

6e-05
0011111100001111011101010001000001001101010101010001110101101001

6e-05
0011111100001111011101010001000001001101010101010001110101101001

6e-06
0011111011011001001010100111001101110001000100001110010001010100

6e-06
0011111011011001001010100111001101110001000100001110010001010100

6e-07
0011111010100100001000011111010111110100000011011000001101110110

6e-07
0011111010100100001000011111010111110100000011011000001101110110

6e-08
0011111001110000000110110010101100101001101001000110100100101011

6e-08
0011111001110000000110110010101100101001101001000110100100101011

6e-09
0011111000111001110001010001000111011100001110100100000111011111

6e-09
0011111000111001110001010001000111011100001110100100000111011111

6e-10
0011111000000100100111011010011111100011011000011100111001001100

6e-10
0011111000000100100111011010011111100011011000011100111001001100

6e-11
0011110111010000011111100001111111101001000110110000101101110000

6e-11
0011110111010000011111100001111111101001000110110000101101110000

6e-12
0011110110011010011000110110011001000001110001001101111100011010

6e-12
0011110110011010011000110110011001000001110001001101111100011010

6e-13
0011110101100101000111000101000111001110001101110001100011100001

6e-13
0011110101100101000111000101000111001110001101110001100011100001

6e-14
0011110100110000111000110111010010100100111110001110000010110100

6e-14
0011110100110000111000110111010010100100111110001110000010110100

6e-15
0011110011111011000001011000011101101110010110110000000100100000

6e-15
0011110011111011000001011000011101101110010110110000000100100000

6e-16
0011110011000101100111100000010111110001111000100110011101001101

6e-16
0011110011000101100111100000010111110001111000100110011101001101

6e-17
0011110010010001010010110011011111110100101101010001111101110001

0.7
0011111111100110011001100110011001100110011001100110011001100110

0.7
0011111111100110011001100110011001100110011001100110011001100110

0.07
0011111110110001111010111000010100011110101110000101000111101100

0.07
0011111110110001111010111000010100011110101110000101000111101100

0.007
0011111101111100101011000000100000110001001001101110100101111001

0.007
0011111101111100101011000000100000110001001001101110100101111001

0.0007
0011111101000110111100000000011010001101101110001011101011000111

0.0007
0011111101000110111100000000011010001101101110001011101011000111

7e-05
0011111100010010010110011001111011010111110001101111101111010010

7e-05
0011111100010010010110011001111011010111110001101111101111010010

7e-06
0011111011011101010111000011000101011001001111100101111110110111

7e-06
0011111011011101010111000011000101011001001111100101111110110111

7e-07
0011111010100111011111001111010001000111011001010001100101011111

7e-07
0011111010100111011111001111010001000111011001010001100101011111

7e-08
0011111001110010110010100101110100000101111010100111101010110011

7e-08
0011111001110010110010100101110100000101111010100111101010110011

7e-09
0011111000111110000100001001010011010110010000111111011110000100

7e-09
0011111000111110000100001001010011010110010000111111011110000100

7e-10
0011111000001000000011010100001111011110100111001100011000000011

7e-10
0011111000001000000011010100001111011110100111001100011000000011

7e-11
0011110111010011001111011100111111100101010010100011100000000011

7e-11
0011110111010011001111011100111111100101010010100011100000000011

7e-12
0011110110011110110010010100110010100010000100000101100110011110

7e-12
0011110110011110110010010100110010100010000100000101100110011110

7e-13
0011110101101000101000010000101000011011010000000100011110110010

7e-13
0011110101101000101000010000101000011011010000000100011110110010

7e-14
0011110100110011101101000000100000010101110011010000011000101000

7e-14
0011110100110011101101000000100000010101110011010000011000101000

7e-15
0011110011111111100001100111001101010110000101001101011010100110

7e-15
0011110011111111100001100111001101010110000101001101011010100110

7e-16
0011110011001001001110000101110001000100110111010111100010000101

7e-16
0011110011001001001110000101110001000100110111010111100010000101

7e-17
0011110010010100001011010001011010011101011111011111101000000100

0.8
0011111111101001100110011001100110011001100110011001100110011010

0.8
0011111111101001100110011001100110011001100110011001100110011010

0.08
0011111110110100011110101110000101000111101011100001010001111011

0.08
0011111110110100011110101110000101000111101011100001010001111011

0.008
0011111110000000011000100100110111010010111100011010100111111100

0.008
0011111110000000011000100100110111010010111100011010100111111100

0.0008
0011111101001010001101101110001011101011000111000100001100101101

0.0008
0011111101001010001101101110001011101011000111000100001100101101

8e-05
0011111100010100111110001011010110001000111000110110100011110001

8e-05
0011111100010100111110001011010110001000111000110110100011110001

8e-06
0011111011100000110001101111011110100000101101011110110110001101

8e-06
0011111011100000110001101111011110100000101101011110110110001101

8e-07
0011111010101010110101111111001010011010101111001010111101001000

8e-07
0011111010101010110101111111001010011010101111001010111101001000

8e-08
0011111001110101011110011000111011100010001100001000110000111010

8e-08
0011111001110101011110011000111011100010001100001000110000111010

8e-09
0011111001000001001011100000101111101000001001101101011010010101

8e-09
0011111001000001001011100000101111101000001001101101011010010101

8e-10
0011111000001011011111001101111111011001110101111011110110111011

8e-10
0011111000001011011111001101111111011001110101111011110110111011

8e-11
0011110111010101111111010111111111100001011110010110010010010101

8e-11
0011110111010101111111010111111111100001011110010110010010010101

8e-12
0011110110100001100101111001100110000001001011011110101000010001

8e-12
0011110110100001100101111001100110000001001011011110101000010001

8e-13
0011110101101100001001011100001001101000010010010111011010000010

8e-13
0011110101101100001001011100001001101000010010010111011010000010

8e-14
0011110100110110100001001001101110000110101000010010101110011011

8e-14
0011110100110110100001001001101110000110101000010010101110011011

8e-15
0011110100000010000000111010111110011110111001110101011000010110

8e-15
0011110100000010000000111010111110011110111001110101011000010110

8e-16
0011110011001100110100101011001010010111110110001000100110111100

8e-16
0011110011001100110100101011001010010111110110001000100110111100

8e-17
0011110010010111000011101111010101000110010001101101010010010111

0.9
0011111111101100110011001100110011001100110011001100110011001101

0.9
0011111111101100110011001100110011001100110011001100110011001101

0.09
0011111110110111000010100011110101110000101000111101011100001010

0.09
0011111110110111000010100011110101110000101000111101011100001010

0.009
0011111110000010011011101001011110001101010011111101111100111011

0.009
0011111110000010011011101001011110001101010011111101111100111011

0.0009
0011111101001101011111011011111101001000011111111100101110010010

0.0009
0011111101001101011111011011111101001000011111111100101110010010

9e-05
0011111100010111100101111100110000111001111111111101011000001111

9e-05
0011111100010111100101111100110000111001111111111101011000001111

9e-06
0011111011100010110111111101011010010100110011001010101100111111

9e-06
0011111011100010110111111101011010010100110011001010101100111111

9e-07
0011111010101110001100101111000011101110000101000100010100110001

9e-07
0011111010101110001100101111000011101110000101000100010100110001

9e-08
0011111001111000001010001100000010111110011101101001110111000001

9e-08
0011111001111000001010001100000010111110011101101001110111000001

9e-09
0011111001000011010100111100110101100101001010111011000101100111

9e-09
0011111001000011010100111100110101100101001010111011000101100111

9e-10
0011111000001110111011000111101111010101000100101011010101110010

9e-10
0011111000001110111011000111101111010101000100101011010101110010

9e-11
0011110111011000101111010010111111011101101010001001000100101000

9e-11
0011110111011000101111010010111111011101101010001001000100101000

9e-12
0011110110100011110010101000110010110001010100111010011101010011

9e-12
0011110110100011110010101000110010110001010100111010011101010011

9e-13
0011110101101111101010100111101010110101010100101010010101010010

9e-13
0011110101101111101010100111101010110101010100101010010101010010

9e-14
0011110100111001010101010010111011110111011101010101000100001110

9e-14
0011110100111001010101010010111011110111011101010101000100001110

9e-15
0011110100000100010001000010010110010010110001000100000011011000

9e-15
0011110100000100010001000010010110010010110001000100000011011000

9e-16
0011110011010000001101101000010001110101011010011100110101111010

9e-16
0011110011010000001101101000010001110101011010011100110101111010

9e-17
0011110010011001111100001101001111101111000011111010111100101001

SMALLEST
========
-6e-17
1011110010010001010010110011011111110100101101010001111101110001

